221.704
68.7351
230.372
124.669
16.8634
1036.35
860.911
217.533
190.549
106.794
224.212
348.073
44.4842
592.951
718.468
323.06
509.448
444.109
151.164
332.236
356.389
175.073
302.078
205.785
32.0568
92.2765
88.7262
164.448
200.982
21.1815
46.6969
27.9597
96.5502
359.821
171.032
121.207
340.142
152.289
698.303
71.7189
388.886
183.557
924.604
685.77
132.65
618.747
263.356
75.7345
334.077
18.1701
883.788
161.818
211.535
274.339
1798.9
289.097
746.149
88.3177
36.3103
169.365
118.398
90.6391
225.237
290.714
9.16375
13.5672
9.41671
374.962
176.935
877.127
1438.91
79.0285
165.065
889.322
53.6792
518.032
537.641
445.451
30.305
233.545
562.776
20.048
12.0754
149.47
335.396
11.7696
26.9875
284.728
104.907
67.5162
37.621
308.446
191.665
323.741
116.251
210.954
373.097
131.019
97.2539
74.0386
115.766
95.6099
184.668
452.053
82.8119
306.653
299.809
39.3226
183.862
408.377
341.187
127.355
519.22
388.028
445.038
228.457
443.43
640.648
71.9176
40.1291
38.909
122.496
467.702
279.489
21.2283
54.2306
59.8258
473.743
227.014
188.773
21.4086
707.074
444.564
229.649
366.746
22.9131
82.1762
147.984
66.1041
386.724
64.1482
772.922
43.2405
20.6957
332.661
888.282
280.516
199.104
553.282
588.904
293.084
3.63555
80.7316
183.046
290.096
109.978
305.508
537.05
50.4861
80.1772
126.085
76.6311
56.6089
56.8191
471.937
757.915
85.5368
27.7228
122.925
182.028
535.396
234.003
155.189
5.08669
287.285
46.1192
1099.02
100.699
308.978
521.73
62.0107
117.732
549.1
168.973
518.155
205.882
442.816
207.816
139.488
1141.71
433.642
411.846
71.9762
1828.26
1076.64
19.3925
753.351
79.3954
49.3502
99.6559
374.208
10.3668
612.838
59.45
15.659
219.633
118.596
11.3126
563.15
13.8217
616.648
25.0469
139.64
397.542
218.655
83.0557
101.525
124.468
444.78
345.133
118.899
255.972
193.21
242.635
255.284
184.033
294.181
217.917
378.374
487.334
551.099
193.103
560.975
396.99
336.293
734.099
110.524
22.455
1030.28
66.6996
37.5381
566.479
99.3989
206.866
285.555
552.281
442.457
1028.18
76.6976
260.436
325.916
251.715
75.0146
68.1394
63.9559
532.184
344.937
574.892
147.674
177.947
344.323
95.712
2.23656
247.863
22.3794
344.365
208.905
145.318
438.555
197.352
274.464
753.28
138.932
847.499
175.39
19.0228
477.467
93.352
13.2826
24.2595
682.194
374.602
319.881
49.7054
1109.1
657.36
10.2299
330.665
429.742
165.829
60.245
200.416
388.29
63.0572
39.896
503.311
746.066
306.545
84.6522
366.72
63.1684
667.882
311.667
256.733
559.535
51.6601
310.302
332.148
170.363
355.938
429.536
134.77
181.926
185.881
223.616
174.128
144.852
248.103
57.792
67.4539
20.5976
135.117
373.693
492.503
250.573
600.608
314.672
212.866
231.446
927.375
95.5709
420.189
583.801
1458.05
142.84
388.21
50.3725
30.3428
175.515
276.457
498.578
89.9321
13.0497
112.237
416.914
255.095
466.132
64.1378
68.396
6.70073
153.59
95.3982
146.386
58.1804
42.2968
10.1984
26.2537
490.81
236.258
299.502
444.467
594.224
169.835
321.876
584.353
587.311
169.787
17.4709
0.0310675
846.034
329.579
498.783
75.2303
378.083
57.1822
11.1365
126.318
6.19799
78.4173
247.487
13.0598
315.998
639.325
169.545
595.918
16.0442
189.264
1208.89
616.007
28.5379
291.17
333.376
1518.6
40.4193
144.384
576.759
8.99691
595.475
798.138
9.02905
508.93
288.127
565.039
28.4242
146.116
21.0857
40.8555
431.599
27.8051
134.994
140.644
42.3544
27.1134
103.358
256.828
1297.61
127.44
37.7129
1066.36
88.8008
70.9142
277.467
0.570882
69.8125
414.787
145.37
33.5995
461.119
101.159
19.3473
517.557
49.9672
350.43
357.053
84.7122
45.8211
449.858
142.814
877.584
659.652
449.501
124.869
17.9534
651.426
318.396
307.21
629.449
22.8531
453.583
583.162
121.363
15.1257
205.198
122.267
89.6871
106.557
416.859
138.176
45.1843
31.2492
171.682
4.28316
88.2123
63.0431
373.991
215.792
122.7
226.031
980.574
107.932
179.212
416.257
328.83
215.833
325.323
140.381
74.4119
252.678
180.52
17.9541
186.131
525.652
34.1764
12.3126
70.2981
139.033
125.205
7.24706
447.748
202.079
39.4201
92.0159
211.367
145.039
186.512
97.1826
1039.4
555.278
565.988
825.174
63.2934
124.2
365.267
683.942
714.721
161.361
108.583
51.9618
19.9146
471.208
73.9838
228.089
313.85
120.218
258.265
697.585
393.714
0.267353
823.457
236.172
202.653
26.1567
571.298
23.7944
192.106
131.125
132.282
181.611
82.7459
85.4768
159.424
173.735
278.442
59.6112
137.938
232.053
284.249
359.648
380.381
347.484
226.405
1.88261
97.9204
83.3469
123.191
715.498
58.6746
42.071
719.535
44.4353
353.988
167.692
75.6749
257.729
214.526
383.396
3.73705
790.254
80.5145
87.8704
67.7273
332.291
382.35
554.659
659.471
49.6615
163.732
227.027
651.107
67.2711
97.2709
178.117
69.702
254.015
378.051
245.089
211.525
850.145
368.049
175.448
32.1923
177.745
819.397
119.469
31.5423
189.005
36.5894
35.7569
163.149
131.465
139.179
306.715
30.0634
50.5496
219.437
6.70832
111.986
6.93953
243.147
79.6812
76.2568
634.706
367.026
174.082
197.849
189.301
24.0279
21.4187
168.465
481.84
218.774
233.096
105.092
192.859
790.353
153.523
7.74541
21.7606
221.304
177.694
168.264
992.211
51.2275
228.311
43.1624
356.313
244.513
181.126
384.098
60.6492
373.213
4.49977
32.1368
186.921
182.848
271.098
4.9286
233.239
335.797
177.867
146.145
87.6806
20.8615
369.439
425.777
6.86715
56.8375
467.071
29.2255
377.903
101.428
226.54
353.237
180.521
44.2443
578.46
70.8821
374.643
128.067
0.393198
869.69
39.9984
4.89973
21.2554
275.547
192.727
335.261
289.775
29.0272
152.349
44.7612
198.86
336.868
69.6598
87.4395
194.421
78.6336
170.395
113.861
118.792
71.1047
292.009
733.633
956.235
47.2492
25.4675
521.733
134.546
500.627
74.3361
135.201
442.194
128.748
143.425
582.469
8.90282
728.823
247.775
317.375
10.9513
12.5981
510.127
222.668
385.012
23.9404
503.296
89.7149
111.404
104.385
268.457
323.539
218.296
96.7909
272.755
202.579
167.976
351.571
133.468
537.89
232.546
271.249
83.1073
133.924
7.32784
308.372
89.4718
16.4854
259.37
597.198
376.667
289.666
753.284
251.88
70.8693
326.423
319.118
23.8562
1541.79
12.178
140.619
266.33
367.483
973.216
750.863
132.717
188.643
140.354
36.9282
626.974
87.3307
332.296
210.117
211.749
31.7386
226.627
72.4887
135.16
267.274
529.443
92.752
133.17
200.065
71.8922
2.7347
384.028
778.244
328.379
505.77
763.94
373.209
81.4063
228.903
187.151
72.5109
194.566
614.543
366.557
714.831
8.77749
282.728
63.8138
364.543
60.7563
383.568
522.326
401.573
1.49789
80.2214
142.802
540.756
215.649
443.514
135.757
420.073
458.503
48.5709
359.444
202.332
5.43986
307.673
91.0134
88.8364
82.184
423.756
196.982
410.378
319.114
85.2153
337.811
349.697
712.629
726.481
173.836
39.2292
319.738
111.193
664.646
324.795
245.647
108.451
228.123
47.0424
42.9171
1032.74
844.421
959.36
42.2683
320.313
187.68
48.6632
130.737
425.054
159.76
283.181
241.224
1022.34
156.02
94.1298
77.702
48.4025
8.97359
54.8094
28.8343
191.442
103.97
432.202
517.404
74.0571
189.899
164.853
229.879
25.1405
260.731
346.888
19.3669
233.188
322.058
65.1436
89.9966
63.2383
129.182
300.187
3.35237
484.827
108.368
249.656
452.337
402.882
638.881
20.3656
789.734
762.886
80.0998
14.3899
162.662
233.522
516.08
101.326
470.018
122.389
403.241
140.382
163.54
139.314
40.7776
200.709
1454.15
496.745
366.951
88.4864
16.4009
39.0021
874.186
19.9694
1003.03
94.1824
304.429
421.338
22.6292
238.761
541.468
8.51116
204.686
37.5924
23.3855
1758.34
335.768
756.212
100.826
211.278
99.4046
27.7688
867.959
394.113
188.231
29.4699
96.9201
186.044
807.367
15.6699
412.347
3.47246
57.2519
369.91
23.7164
49.9772
14.4279
388.18
920.26
38.3862
119.868
484.937
48.2531
618.545
954.323
76.5826
615.029
311.477
57.1249
65.5316
73.477
187.383
101.672
60.7153
87.8487
466.461
98.3625
235.511
107.503
80.8855
275.479
35.03
85.6126
487.917
554.833
118.997
3.85472
705.082
37.5218
1088.58
17.9892
181.605
459.303
69.9979
135.322
421.533
174.994
95.4599
177.637
300.02
195.508
348.115
54.5653
487.875
732.274
167.464
293.771
75.3855
16.1235
1.37486
189.514
324.039
36.6004
410.63
210.294
1.80599
43.2945
218.913
732.383
88.0922
209.255
0.853876
400.723
122.567
71.1113
52.8382
48.6718
336.59
175.056
283.249
