0	995
1	992
2	988
3	986
4	983
5	973
6	969
7	965
8	963
9	961
10	955
11	952
12	948
13	944
14	938
15	935
16	933
17	930
18	930
19	928
20	922
21	922
22	920
23	915
24	911
25	908
26	904
27	901
28	897
29	896
30	894
31	893
32	889
33	888
34	886
35	882
36	881
37	877
38	876
39	874
40	872
41	871
42	865
43	861
44	858
45	854
46	852
47	850
48	848
49	846
50	841
51	841
52	836
53	833
54	831
55	829
56	825
57	821
58	819
59	814
60	812
61	810
62	805
63	801
64	797
65	796
66	796
67	793
68	792
69	790
70	788
71	786
72	783
73	776
74	774
75	772
76	772
77	770
78	767
79	764
80	763
81	762
82	761
83	757
84	754
85	752
86	748
87	746
88	743
89	739
90	736
91	734
92	731
93	727
94	722
95	720
96	719
97	715
98	714
99	714
100	712
101	710
102	704
103	702
104	698
105	694
106	689
107	688
108	685
109	682
110	680
111	679
112	678
113	676
114	673
115	670
116	668
117	666
118	666
119	663
120	661
121	660
122	657
123	655
124	651
125	649
126	646
127	641
128	641
129	637
130	632
131	629
132	629
133	625
134	625
135	622
136	621
137	620
138	618
139	615
140	614
141	610
142	609
143	607
144	605
145	605
146	601
147	596
148	593
149	590
150	588
151	587
152	586
153	583
154	576
155	574
156	574
157	573
158	570
159	567
160	564
161	563
162	560
163	556
164	554
165	552
166	551
167	547
168	545
169	541
170	540
171	539
172	538
173	537
174	535
175	534
176	532
177	531
178	530
179	527
180	525
181	524
182	523
183	520
184	518
185	516
186	515
187	514
188	511
189	509
190	509
191	508
192	507
193	506
194	503
195	500
196	498
197	495
198	494
199	494
200	490
201	490
202	487
203	486
204	485
205	483
206	481
207	481
208	480
209	479
210	477
211	475
212	473
213	472
214	472
215	471
216	469
217	468
218	467
219	464
220	462
221	460
222	458
223	457
224	453
225	452
226	451
227	449
228	446
229	445
230	444
231	443
232	441
233	440
234	438
235	436
236	435
237	434
238	433
239	431
240	429
241	425
242	424
243	424
244	423
245	423
246	421
247	420
248	420
249	418
250	418
251	416
252	413
253	411
254	409
255	408
256	408
257	406
258	405
259	404
260	403
261	402
262	399
263	397
264	396
265	392
266	392
267	391
268	390
269	388
270	388
271	385
272	383
273	383
274	382
275	381
276	381
277	380
278	379
279	378
280	378
281	377
282	376
283	375
284	373
285	373
286	372
287	370
288	369
289	365
290	361
291	357
292	356
293	352
294	351
295	350
296	350
297	349
298	346
299	346
300	345
301	344
302	344
303	343
304	341
305	341
306	340
307	340
308	339
309	337
310	336
311	334
312	332
313	330
314	329
315	326
316	326
317	326
318	326
319	324
320	322
321	322
322	322
323	319
324	317
325	314
326	310
327	309
328	307
329	304
330	303
331	303
332	302
333	302
334	302
335	301
336	300
337	297
338	297
339	297
340	295
341	295
342	295
343	295
344	294
345	293
346	292
347	291
348	290
349	288
350	287
351	287
352	286
353	284
354	281
355	280
356	277
357	276
358	276
359	275
360	275
361	273
362	270
363	268
364	266
365	265
366	263
367	262
368	262
369	262
370	261
371	261
372	261
373	260
374	258
375	258
376	258
377	257
378	257
379	256
380	254
381	254
382	253
383	252
384	251
385	251
386	249
387	249
388	247
389	245
390	243
391	243
392	243
393	242
394	242
395	242
396	241
397	240
398	240
399	240
400	238
401	237
402	237
403	234
404	233
405	233
406	233
407	232
408	230
409	229
410	228
411	226
412	225
413	223
414	223
415	223
416	222
417	220
418	219
419	217
420	217
421	217
422	216
423	216
424	216
425	216
426	215
427	214
428	214
429	213
430	210
431	210
432	209
433	209
434	208
435	206
436	205
437	205
438	205
439	204
440	203
441	202
442	201
443	200
444	200
445	200
446	198
447	198
448	198
449	198
450	198
451	198
452	197
453	196
454	196
455	196
456	195
457	194
458	194
459	194
460	193
461	191
462	189
463	188
464	187
465	186
466	185
467	185
468	185
469	185
470	185
471	183
472	183
473	183
474	183
475	181
476	180
477	179
478	179
479	179
480	178
481	178
482	178
483	178
484	177
485	177
486	177
487	175
488	174
489	173
490	172
491	170
492	170
493	170
494	170
495	169
496	169
497	168
498	168
499	167
500	167
501	166
502	165
503	164
504	164
505	164
506	163
507	160
508	159
509	158
510	158
511	158
512	157
513	157
514	157
515	156
516	156
517	155
518	155
519	155
520	154
521	154
522	154
523	154
524	153
525	153
526	153
527	152
528	150
529	149
530	149
531	147
532	143
533	143
534	143
535	143
536	140
537	140
538	139
539	137
540	135
541	135
542	134
543	134
544	134
545	134
546	134
547	134
548	134
549	134
550	134
551	134
552	133
553	132
554	132
555	132
556	132
557	132
558	132
559	132
560	132
561	131
562	130
563	130
564	130
565	130
566	130
567	129
568	129
569	127
570	127
571	127
572	127
573	127
574	127
575	125
576	125
577	125
578	124
579	124
580	123
581	123
582	123
583	123
584	123
585	123
586	122
587	122
588	122
589	122
590	122
591	122
592	122
593	121
594	120
595	120
596	120
597	120
598	120
599	119
600	117
601	117
602	117
603	117
604	116
605	116
606	116
607	116
608	116
609	116
610	116
611	116
612	116
613	116
614	115
615	113
616	112
617	112
618	112
619	111
620	110
621	110
622	110
623	110
624	110
625	109
626	108
627	108
628	108
629	108
630	108
631	108
632	108
633	108
634	108
635	107
636	106
637	106
638	105
639	105
640	105
641	105
642	105
643	105
644	104
645	104
646	104
647	104
648	103
649	102
650	102
651	102
652	102
653	102
654	99
655	98
656	98
657	98
658	98
659	98
660	98
661	98
662	97
663	96
664	95
665	95
666	95
667	95
668	95
669	95
670	95
671	94
672	94
673	94
674	93
675	92
676	92
677	92
678	92
679	92
680	92
681	92
682	91
683	90
684	90
685	89
686	88
687	88
688	87
689	87
690	87
691	87
692	87
693	87
694	87
695	87
696	87
697	87
698	87
699	87
700	87
701	85
702	85
703	84
704	84
705	84
706	84
707	82
708	81
709	81
710	81
711	81
712	81
713	81
714	81
715	81
716	81
717	81
718	80
719	80
720	80
721	78
722	78
723	77
724	76
725	76
726	76
727	75
728	75
729	75
730	75
731	74
732	74
733	73
734	73
735	73
736	73
737	73
738	73
739	73
740	72
741	72
742	72
743	71
744	71
745	70
746	70
747	70
748	70
749	69
750	67
751	67
752	66
753	66
754	66
755	66
756	66
757	66
758	66
759	66
760	66
761	66
762	66
763	66
764	66
765	66
766	66
767	66
768	66
769	66
770	65
771	65
772	65
773	65
774	65
775	64
776	63
777	63
778	63
779	63
780	63
781	63
782	63
783	63
784	63
785	63
786	63
787	63
788	62
789	62
790	62
791	62
792	62
793	61
794	60
795	59
796	59
797	59
798	59
799	59
800	59
801	59
802	59
803	59
804	59
805	59
806	58
807	58
808	58
809	56
810	55
811	55
812	55
813	55
814	55
815	55
816	54
817	54
818	53
819	53
820	53
821	53
822	53
823	52
824	52
825	52
826	52
827	52
828	52
829	52
830	52
831	51
832	51
833	51
834	51
835	51
836	51
837	51
838	51
839	51
840	51
841	51
842	51
843	51
844	51
845	51
846	51
847	51
848	51
849	51
850	51
851	51
852	51
853	50
854	50
855	50
856	50
857	50
858	50
859	50
860	50
861	50
862	49
863	49
864	49
865	48
866	48
867	48
868	48
869	48
870	48
871	48
872	48
873	47
874	47
875	47
876	47
877	46
878	45
879	45
880	45
881	44
882	44
883	43
884	43
885	43
886	43
887	43
888	43
889	43
890	42
891	42
892	42
893	41
894	40
895	40
896	40
897	40
898	39
899	39
900	39
901	39
902	38
903	38
904	38
905	38
906	38
907	37
908	37
909	37
910	37
911	36
912	35
913	35
914	35
915	35
916	35
917	35
918	35
919	35
920	35
921	35
922	35
923	35
924	34
925	34
926	34
927	34
928	34
929	34
930	34
931	34
932	34
933	34
934	33
935	33
936	33
937	33
938	33
939	33
940	33
941	33
942	33
943	33
944	33
945	33
946	32
947	32
948	32
949	32
950	32
951	32
952	32
953	32
954	31
955	31
956	31
957	31
958	30
959	30
960	30
961	30
962	30
963	30
964	30
965	29
966	29
967	29
968	29
969	28
970	28
971	28
972	28
973	28
974	28
975	28
976	28
977	28
978	28
979	28
980	28
981	28
982	28
983	28
984	28
985	28
986	27
987	27
988	27
989	27
990	27
991	27
992	27
993	27
994	26
995	26
996	26
997	26
998	26
999	26
