-0.995014
-0.593642
0.650054
-0.747806
-0.0657568
0.818332
0.720461
0.734591
-0.817567
-0.950326
0.176833
-0.840556
-0.924623
0.234238
0.0725013
-0.464182
-0.265751
-0.235397
0.303998
0.327795
-0.969354
-0.83097
-0.465117
-0.449821
0.979174
-0.0740841
0.557076
0.801695
0.56752
0.215742
-0.910322
-0.764303
-0.975965
0.610533
0.0153061
-0.531633
-0.477192
0.700804
-0.946083
-0.57558
-0.673755
0.660021
-0.125862
0.120306
0.365151
-0.253453
0.642094
-0.615083
0.256302
-0.256902
0.00773374
-0.482218
-0.242471
-0.666303
0.528662
0.884781
0.660292
-0.581872
-0.468536
-0.548663
0.119758
-0.636117
-0.589465
0.253129
-0.577616
0.195624
-0.635589
0.804287
-0.809012
0.722128
0.56959
0.443102
-0.972665
0.600748
0.791868
-0.384778
-0.407793
0.339357
0.435163
-0.905637
-0.877013
0.23581
0.0278416
-0.859495
0.388736
0.254891
-0.853449
0.595599
0.0827694
0.842769
0.777546
-0.0832286
0.652736
0.678951
-0.884487
0.147022
0.568196
-0.634267
0.799907
-0.176568
-0.9743
-0.944845
-0.411231
-0.177136
-0.908634
-0.986545
0.470062
0.145169
-0.719041
-0.876979
-0.789503
0.633884
-0.422533
0.321841
-0.65814
-0.36556
-0.113819
-0.0195364
0.584841
0.589862
0.927271
0.216443
0.710361
0.573974
-0.434133
-0.853702
0.838401
0.762102
0.579635
-0.925039
0.174333
0.839276
0.863856
-0.377264
0.182742
-0.654067
0.0740036
-0.210255
0.198759
-0.038878
-0.294177
0.957889
0.476886
-0.276795
0.612907
0.830293
0.677329
-0.811937
0.961777
0.308266
-0.21018
0.524794
0.62446
-0.69425
-0.505052
-0.451078
0.00856569
-0.498725
0.962989
-0.306903
-0.675134
0.0274114
-0.909771
-0.0847029
0.292371
0.0977227
0.172799
0.544535
0.280911
0.57122
-0.982003
-0.935941
0.891211
0.454313
-0.506881
-0.167946
0.972469
0.340267
0.511787
-0.260149
0.077439
0.78615
-0.542222
-0.192377
0.355001
-0.372708
-0.953653
0.717592
0.880246
0.229235
-0.376936
0.284732
0.422051
0.677184
0.900134
0.864972
0.648158
-0.097033
-0.869771
0.700897
-0.232248
0.74948
-0.282184
-0.795044
0.611537
-0.0273544
-0.732016
0.180158
-0.85068
-0.819136
-0.927226
0.978281
-0.554919
0.711967
0.0350024
-0.404425
-0.950442
0.447671
-0.970404
-0.29404
0.830323
-0.434472
0.702416
-0.368266
-0.760643
-0.771618
0.706586
-0.748224
-0.981867
0.21132
0.376321
0.847246
0.340191
-0.533873
0.838255
-0.115211
0.391217
-0.376763
0.560271
-0.262759
-0.613379
-0.568813
0.337827
0.341829
-0.973383
-0.866431
-0.282216
0.795876
-0.611205
0.783487
0.859735
-0.109997
0.258209
-0.504494
-0.165165
0.578831
0.894946
-0.364895
-0.637875
0.389187
0.239208
-0.0543661
0.982364
-0.234193
-0.446108
-0.387236
0.669354
0.354536
-0.495336
-0.73356
-0.121231
-0.776968
-0.322461
0.920336
0.0344867
-0.981027
0.53396
0.848808
0.452411
0.0657543
-0.196623
-0.598656
-0.298197
0.395697
-0.68668
-0.245479
0.404109
-0.279252
0.256983
-0.398544
-0.53071
-0.659318
0.898299
-0.22124
-0.230353
-0.0111917
0.714519
-0.16901
-0.74885
-0.384828
0.976291
0.512605
-0.517733
-0.892744
-0.234764
-0.772586
-0.359708
-0.051813
-0.570974
0.405534
-0.0648278
-0.187565
0.473966
0.817841
0.470838
0.0990196
-0.104932
-0.172076
-0.455972
-0.597789
-0.0563692
0.581536
-0.61938
0.919736
-0.667682
0.133549
-0.690541
-0.201525
0.877737
0.512409
0.373683
0.417675
-0.419486
0.722084
-0.620447
-0.390359
-0.857124
-0.318479
0.382781
-0.182051
0.923728
0.1016
-0.387643
0.193145
-0.668773
-0.700419
-0.168121
-0.374053
-0.347132
0.951067
0.13838
-0.282051
0.323055
-0.220554
-0.801346
-0.310174
-0.371819
-0.817146
-0.0769102
-0.772965
0.849208
-0.201379
-0.423007
-0.73698
-0.158254
-0.994771
-0.670582
0.699912
-0.946375
-0.63824
-0.760506
-0.933264
-0.0200204
-0.0151437
0.680255
-0.884889
0.0558253
0.863166
0.199967
-0.647545
-0.013865
0.109301
0.820954
0.512686
-0.486581
0.149289
0.775931
-0.0355714
-0.377199
0.849526
-0.318173
0.0567142
-0.815402
-0.418771
0.151118
0.402185
0.0344007
0.222391
0.840649
0.0977973
0.490645
-0.902768
0.93797
-0.116976
-0.690304
-0.146844
0.085155
0.23556
0.0784235
-0.724804
-0.259861
-0.595479
0.0442819
0.0379784
-0.0244599
-0.61885
-0.617114
0.395166
-0.28501
-0.192979
0.903092
0.806415
0.406962
-0.180261
0.189571
-0.498167
-0.863903
-0.163854
0.182893
0.983921
-0.827963
-0.726978
0.197101
-0.532961
-0.0442533
0.20529
-0.62521
-0.745651
0.523346
0.961718
0.579686
0.0522744
0.367435
-0.341879
0.726723
-0.77755
-0.264073
-0.331933
-0.450378
0.971177
-0.63163
-0.968921
0.805968
0.476375
-0.330219
-0.201664
-0.0802104
0.952035
-0.67803
-0.684121
0.0616364
-0.349828
-0.66763
-0.554687
0.666157
0.800282
0.520365
-0.27799
0.387177
-0.513712
0.441116
0.450811
0.490277
0.461001
-0.253106
-0.260768
0.682872
-0.101932
-0.014097
0.468164
-0.618211
0.0814263
0.83861
-0.79992
0.418343
-0.967744
0.791575
-0.975268
0.180919
-0.926563
-0.751225
0.342362
-0.804955
0.331495
0.080437
-0.415602
0.140977
-0.823938
0.609362
-0.12834
0.30877
-0.403176
0.0347556
-0.389934
0.490861
-0.482021
-0.706445
-0.97617
0.312144
0.0501839
0.359258
0.626168
-0.00244716
-0.319986
0.97825
-0.372501
0.577133
-0.603089
0.843632
0.281154
0.528623
0.75764
-0.793448
0.16657
0.857534
0.888241
-0.0749727
0.410002
0.614725
0.423481
-0.0497217
-0.157282
0.851483
0.38381
-0.749447
-0.903289
-0.987899
-0.0101915
0.172457
0.637892
-0.236047
-0.585851
0.239781
0.736804
0.265077
-0.528959
0.389828
-0.623185
-0.130751
0.24319
0.647242
0.0998275
0.268565
0.646247
-0.764661
-0.210519
0.0735156
0.930763
-0.87507
0.391852
-0.169435
0.121642
0.0206525
0.57366
-0.522769
0.395095
-0.215202
-0.68203
0.234661
0.393092
-0.701361
-0.542605
0.937712
-0.524686
0.761261
-0.8552
0.802524
0.90861
-0.574117
-0.738498
0.631607
-0.00605518
0.773694
0.76298
0.45641
-0.869143
-0.874824
-0.0379298
-0.382595
-0.18059
-0.311066
-0.250325
-0.718338
-0.400355
0.0480235
0.752962
-0.602072
-0.0714673
-0.916221
0.431072
0.089207
0.994431
-0.662859
0.108315
-0.517165
-0.530968
0.807486
-0.0551188
-0.0219396
-0.803178
0.188954
-0.154962
0.951121
0.822028
-0.455724
0.302837
-0.102178
0.353074
0.416102
-0.814685
0.013616
0.664536
-0.624171
0.453197
0.211178
-0.0634085
-0.990069
0.819102
-0.424513
-0.968026
0.343785
0.343242
0.256401
-0.189574
0.703001
0.966629
0.798737
0.380654
-0.987753
0.981776
-0.0901513
-0.710221
0.531582
-0.5591
0.664704
0.65029
-0.969722
0.501626
-0.851535
0.204499
0.398155
-0.289809
-0.463437
0.326492
-0.305597
0.222145
-0.387721
-0.0384163
-0.366087
0.960554
0.721823
-0.49673
0.511105
0.711707
0.166908
0.60768
-0.438743
0.158313
0.034832
0.945531
-0.240668
-0.149791
0.466053
-0.108418
0.0563034
0.112563
-0.640729
-0.848417
-0.947011
0.891574
0.514002
0.326732
0.111375
-0.462323
0.210659
-0.584371
-0.0965546
0.526246
0.228129
0.253723
0.397509
-0.884203
-0.70115
0.890272
0.282029
0.943693
-0.998608
0.902794
-0.173049
-0.440657
0.0905337
-0.350984
-0.81747
-0.105092
-0.735161
-0.543667
0.115659
-0.326495
0.371736
-0.251242
-0.816302
0.754906
0.0500988
0.111377
0.345801
0.418747
-0.18968
0.292298
-0.988254
0.585225
0.551891
-0.857889
-0.471742
0.973307
-0.481518
0.490833
0.102845
0.196428
-0.309483
-0.037631
-0.83488
0.795697
-0.384744
0.726458
-0.83437
0.2106
-0.325632
0.188133
-0.187813
-0.312799
0.789013
-0.385333
0.743694
-0.87615
-0.437582
0.700033
-0.358527
-0.145622
-0.140042
-0.933148
-0.221907
-0.63119
0.826729
0.705849
-0.9963
-0.0284401
-0.657368
-0.647196
0.169843
-0.622863
0.914947
0.803007
0.990803
-0.756649
-0.991586
0.163212
-0.657579
-0.35799
0.812806
0.0410843
-0.00157325
-0.53287
-0.551984
-0.327838
0.804266
0.780631
0.606625
0.984304
0.288428
-0.904452
-0.366012
-0.400358
0.711276
-0.403273
-0.954192
0.774039
0.551373
-0.700967
0.483215
0.274036
0.429311
-0.856952
-0.894654
0.191311
0.46904
0.028281
0.41942
-0.305374
-0.903307
0.783866
-0.451683
0.719288
-0.723083
0.0767659
0.935658
0.594094
0.186703
0.257478
0.488382
-0.39421
0.326706
-0.856767
0.156824
-0.49898
0.0700833
-0.261297
0.952291
0.925782
-0.351184
-0.105798
0.402146
-0.197619
0.577539
-0.0986136
0.442379
0.64388
0.514869
0.0264643
-0.252311
0.806054
-0.437766
-0.0191065
0.499064
-0.323154
0.000197992
0.329587
-0.411145
0.803315
-0.537706
-0.163385
0.263355
0.956093
-0.453654
0.748409
0.20288
0.131336
-0.136695
0.0144645
0.0393437
0.49018
-0.476431
0.445544
0.311337
0.23569
0.0608153
-0.190621
0.856708
0.427317
-0.20667
-0.136123
0.642636
0.732847
-0.377167
-0.67218
0.0332124
0.11786
0.270808
0.789069
-0.50548
0.472676
0.952328
-0.44973
0.737207
-0.823186
-0.512612
0.412053
0.29657
0.600943
-0.150271
0.393737
-0.449871
0.546335
-0.84683
-0.608465
-0.827296
-0.378184
0.0754296
0.774253
0.0289987
-0.441777
0.719462
-0.0835039
0.503673
0.460356
-0.0877199
0.669371
0.268925
0.99643
-0.058715
-0.231311
0.489567
-0.474971
0.728094
-0.819331
0.465603
0.159556
-0.56013
0.385141
0.712309
-0.229807
-0.461854
0.596249
0.47781
-0.0766528
-0.734842
0.920653
-0.30184
-0.241391
-0.432329
0.453234
-0.610085
-0.1968
-0.541696
0.310298
0.480216
0.723934
0.814364
-0.399726
-0.925633
-0.98334
0.61417
-0.668077
0.16091
-0.366775
0.610882
0.260039
-0.245795
-0.454081
0.443831
0.66865
-0.52549
0.249436
0.187344
0.0917251
-0.434447
-0.799681
0.337074
0.971373
0.349619
0.193921
-0.766173
0.25355
0.12012
0.67885
-0.0751058
0.921259
-0.528322
0.0089305
0.462873
-0.534745
0.0677018
0.63265
-0.358
-0.707751
-0.154536
0.220116
0.17198
0.0706067
0.65868
0.727506
-0.710689
-0.986443
0.357587
0.399024
0.806112
0.0998928
-0.693479
0.706352
0.596455
-0.767828
-0.661005
0.225603
-0.479811
-0.667574
-0.849721
-0.548226
-0.215727
-0.624644
0.127474
0.550698
0.741597
-0.640959
0.617093
0.0485019
0.127316
-0.786859
0.630141
0.458553
0.732678
-0.355402
