569.494
594.922
528.831
533.267
527.682
523.671
517.73
521.418
521.399
523.536
506.02
471.066
470.17
464.032
465.806
457.081
424.644
418.789
415.783
409.907
397.81
388.583
383.465
385.773
384.673
383.247
394.816
409.024
404.293
412.479
417.293
417.986
398.158
377.177
384.568
372.156
376.804
383.473
407.402
415.932
410.396
410.442
405.517
430.15
430.17
425.065
423.833
429.587
424.405
424.616
426.148
430.17
412.406
433.134
424.165
425.635
420.881
421.349
415.131
414.695
388.764
388.955
365.791
362.219
357.188
361.241
364.292
390.966
419.397
366.349
364.241
338.506
339.74
339.302
350.753
355.025
355.197
367.613
368.149
370.314
372.853
368.995
356.165
353.082
355.11
357.918
352.68
348.308
350.45
320.247
322.218
326.459
329.939
330.755
337.981
350.334
339.234
333.233
366.641
377.988
380.949
390.716
355.515
358.278
355.833
391.626
385.475
391.626
382.539
346.788
322.971
318.785
321.646
329.144
349.24
348.752
353.5
335.992
345.104
357.617
350.014
344.734
356.514
355.955
364.923
378.8
378.403
393.869
403.09
403.13
394.695
383.014
377.543
382.426
374.694
382.296
357.331
354.06
353.614
359.414
361.738
354.568
385.523
386.4
390.746
390.588
393.028
403.513
401.764
391.246
391.451
395.021
390.675
401.826
363.742
357.177
363.899
381.766
382.359
379.565
352.316
349.857
348.707
351.677
349.155
314.797
313.34
312.155
307.592
311.21
308.785
299.473
293.443
302.755
303.966
314.5
342.566
340.235
339.698
327.021
343.543
333.113
342.163
347.088
354.784
348.665
360.008
372.782
355.242
357.275
327.553
330.673
329.888
331.612
327.235
301.687
299.801
305.831
315.311
319.046
319.476
322.825
318.205
343.245
343.047
344.83
358.774
361.315
365.406
366.269
358.047
359.766
346.491
348.676
348.452
364.837
352.336
361.325
364.243
398.719
392.633
359.883
352.913
347.31
368.95
361.576
344.909
348.348
347.568
345.813
346.894
317.684
309.345
311.789
306.226
308.326
305.85
346.043
359.423
359.385
367.294
367.279
362.519
380.174
378.814
370.027
381.292
344.29
350.732
351.237
340.998
334.075
349.684
346.897
346.119
318.373
346.852
333.15
330.435
331.085
338.334
330.359
327.361
325.563
322.803
344.225
344.374
336.062
331.321
329.669
330.411
292.888
308.517
311.545
329.859
334.349
340.232
331.842
337.743
334.286
326.531
326.202
307.093
304.076
301.893
303.858
322.605
299.473
300.537
301.234
304.34
303.851
304.34
306.523
306.452
310.298
321.319
320.193
323.838
312.197
302.924
310.531
327.033
325.501
375.492
325.501
348.323
323.667
341.443
339.574
333.395
331.321
322.812
327.21
333.334
341.565
327.872
329.521
334.521
331.727
336.741
344.344
343.338
333.999
343.534
347.992
343.576
326.959
338.357
343.905
330.967
328.495
323.585
326.057
324.954
324.381
328.885
329.853
329.913
307.083
307.083
312.501
325.682
330.716
317.535
316.244
303.272
301.118
307.583
306.93
299.625
319.668
320.078
325.426
316.961
331.18
327.172
347.353
347.403
344.845
347.527
344.424
344.099
352.094
361.968
362.808
361.411
370.714
371.59
375.462
375.82
368.199
357.072
354.102
351.898
352.78
355.789
352.78
354.694
342.702
343.572
338.601
342.822
359.608
358.382
353.582
337.053
341.824
348.114
355.381
355.779
358.862
358.236
362.256
361.628
358.996
377.911
363.827
364.453
356.576
365.037
356.458
354.149
354.598
363.438
348.843
346.243
339.853
343.894
343.287
333.619
330.857
349.401
352.773
355.405
349.554
349.082
341.634
342.595
338.857
309.034
310.562
313.609
311.038
311.038
310.857
298.088
288.38
288.38
278.832
257.925
298.14
302.963
309.416
309.752
333.893
352.454
354.449
345.977
321.235
316.02
318.703
319.247
318.334
334.638
349.16
350.3
318.284
317.691
318.228
324.021
325.27
323.021
329.607
332.979
332.781
365.28
383.035
377.298
385.145
371.643
360.517
355.73
370.609
353.766
352.69
347.531
347.447
339.994
332.258
313.94
308.754
302.902
295.043
289.601
277.651
272.24
290.759
301.823
318.267
347.928
356.706
368.235
352.179
345.151
343.557
344.538
337.491
345.309
349.417
338.746
348.285
345.15
357.774
359.384
359.934
359.463
363.6
359.132
359.247
360.566
348.525
347.858
341.187
343.974
342.879
348.797
354.067
354.44
364.22
357.175
342.611
330.62
332.009
328.261
325.508
354.003
348.889
347.814
347.994
338.806
330.732
324.876
312.085
316.17
316.706
327.374
316.589
305.996
326.942
326.335
322.838
340.512
353.611
353.018
340.896
341.695
351.966
349.262
344.231
342.161
343.217
338.417
343.383
346.809
352.933
354.414
359.995
369.747
374.701
371.755
380.378
380.797
383.743
381.05
371.42
365.729
375.683
380.061
356.364
352.766
346.626
334.798
342.829
342.941
344.283
352.137
342.159
345.028
361.242
363.809
364.999
339.288
333.755
332.813
331.76
350.432
341.277
366.395
365.388
377.77
378.137
361.005
340.511
343.447
343.08
341.482
339.747
353.343
352.027
351.405
354.559
356.722
374.535
374.878
384.802
358.674
321.972
328.068
335.328
333.092
326.092
327.275
345.214
345.627
343.074
344.049
338.894
341.553
341.171
328.013
329.116
336.086
336.786
343.336
342.233
329.608
328.333
335.587
321.07
323.989
319.713
321
319.713
322.049
319.32
322.927
319.317
285.596
285.403
306.294
304.289
304.626
301.38
304.497
304.16
316.571
305.137
318.941
325.531
332.666
300.282
306.195
304.365
322.12
323.035
323.307
332.388
326.42
326.084
326.185
311.026
310.111
311.262
311.034
313.076
342.655
344.903
338.692
336.444
348.945
335.438
337.686
335.438
322.175
313.733
318.642
301.838
308.549
312.374
306.411
302.783
300.344
300.277
290.961
293.905
293.973
292.702
289.206
282.13
280.891
293.553
283.147
290.013
261.718
265.146
253.033
257.145
270.467
267.728
280.937
278.279
265.071
268.18
274.198
275.922
279.294
289.009
287.266
288.151
296.197
302.366
275.15
286.379
292.426
278.435
274.485
283.185
266.411
268.753
271.497
271.298
268.555
278.088
290.642
288.361
291.535
295.701
297.921
296.563
296.4
294.709
297.018
302.39
325.18
324.834
313.346
313.826
325.604
322.558
332.43
347.342
348.741
358.078
363.68
333.383
313.765
309.438
309.438
308.185
330.938
319.238
318.663
334.626
331.204
339.066
327.291
308.284
267.244
262.994
262.819
256.664
253.665
254.849
254.269
253.857
246.822
246.741
246.822
246.378
243.731
243.758
249.177
248.726
250.947
262.331
270.774
278.868
289.38
292.591
286.225
287.064
296.577
306.48
299.397
289.665
284.071
275.041
275.747
276.26
278.702
285.657
275.334
278.882
275.334
285.521
280.138
282.886
283.547
292.708
286.032
279.439
278.502
277.881
278.154
276.926
289.76
296.354
298.209
295.273
273.756
275.344
278.528
283.893
291.47
294.786
297.854
298.234
308.237
303.833
302.845
298.728
310.082
302.897
303.475
319.186
311.241
303.012
311.97
311.771
319.59
324.819
336.104
331.774
323.955
325.763
324.175
303.07
325.803
332.341
341.821
353.79
358.605
362.676
365.497
362.113
349.381
348.193
339.777
356.646
364.299
411.224
411.707
387.784
375.752
377.337
381.444
346.685
358.184
364.473
362.333
358.76
333.074
331.981
325.143
323.092
307.986
322.188
325.59
322.122
347.349
351.589
359.152
362.632
372.575
358.782
353.948
343.938
326.276
333.072
334.658
328.381
324.381
316.207
327.798
324.643
316.014
320.999
319.506
329.25
339.112
322.435
323.87
321.98
321.119
319.271
317.627
309.177
316.173
309.43
302.433
304.16
308.169
306.526
299.342
309.945
292.602
276.479
275.17
287.672
295.468
296.835
302.608
300.235
305.099
304.907
305.504
305.652
325.691
308.728
299.248
300.048
323.693
347.33
350.114
321.277
298.724
294.222
310.872
306.108
309.209
307.224
310.106
317.297
314.895
304.106
310.669
308.223
289.945
280.698
289.409
278.78
277.903
273.315
272.442
277.243
282.187
278.936
308.837
317.337
312.358
301.79
312.451
289.156
287.003
287.475
287.404
270.907
269.6
284.934
289.082
288.11
263.204
274.332
270.831
274.885
266.74
262.687
261.331
261.334
277.086
276.701
259.874
264.54
241.563
244.99
246.02
239.779
239.22
246.737
239.789
242.689
241.998
246.59
240.114
236.181
233.474
218.339
225.254
236.484
236.993
246.003
250.262
240.623
243.669
237.253
228.243
229.545
225.855
238.897
248.62
271.557
278.031
279.42
283.547
277.05
271.484
258.802
258.784
261.336
255.029
254.566
254.693
254.499
251.822
253.76
278.87
274.879
284.421
279.887
281.906
283.808
290.778
296.057
310.277
300.993
315.383
317.309
314.453
318.443
317.803
321.941
317.803
312.779
338.696
331.45
330.917
334.52
338.757
332.182
328.099
328.009
317.389
310.353
299.5
304.296
302.819
307.684
316.485
318.695
310.897
312.002
306.739
305.951
309.598
297.938
327.526
321.929
316.694
335.848
334.676
326.287
304.244
304.362
304.482
300.803
298.637
301.968
302.831
296.062
287.392
274.083
274.748
275.522
276.383
270.198
270.198
257.265
268.503
270.856
266.859
283.667
282.804
283.555
286.103
285.181
285.22
285.181
288.2
288.239
288.2
293.506
294.049
295.191
308.201
324.192
323.066
320.234
324.837
311.21
314.223
312.905
308.1
285.315
282.748
282.271
286.317
289.195
273.561
273.671
269.792
262.398
273.369
259.609
261.628
271.935
277.12
277.003
271.818
286.233
284.714
286.233
286.626
283.281
289.848
300.614
311.214
310.666
309.821
286.853
286.421
284.978
278.656
288.753
293.484
293.081
303.215
299.392
300.766
312.002
315.303
324.41
329.297
326.639
324.704
311.463
309.692
318.863
324.072
315.988
310.778
312.813
307.495
315.672
313.674
314.457
313.568
296.409
285.82
282.509
283.531
296.19
305.136
306.631
309.002
309.485
310.312
304.774
304.322
304.774
309.332
281.119
281.654
275.134
277.317
276.265
271.565
272.325
273.556
275.448
278.837
302.334
292.247
290.614
292.047
277.601
284.843
280.252
288.585
280.027
287.773
281.348
290.199
281.092
286.721
283.554
297.331
281.543
277.259
281.543
283.066
290.434
288.727
283.89
288.727
288.19
286.181
286.291
283.365
296.703
296.011
296.872
296.588
296.612
296.896
301.512
314.655
317.029
320.804
323.999
306.721
305.666
303.088
300.905
298.047
303.324
295.493
296.752
289.48
289.993
274.722
273.485
280.448
279.703
275.334
265.789
272.028
290.355
299.9
295.448
293.87
307.659
297.25
319.617
321.672
325.458
327.641
327.36
330.218
328.906
328.909
326.726
314.971
311.532
304.89
306.239
300.187
312.851
316.59
316.187
298.701
286.084
282.007
281.834
277.061
270.936
277.386
267.536
264.716
268.563
276.234
267.123
263.232
265.045
265.366
269.775
272.518
260.017
254.946
257.521
255.05
256.129
256.656
257.59
255.014
254.791
243.598
243.814
244.362
244.146
243.442
244.817
244.644
244.817
244.816
246.18
246.396
247.274
255.556
254.695
243.127
241.819
240.378
238.813
238.268
243.6
243.087
259.067
260.049
252.232
263.395
257.938
274.68
273.438
270.699
278.081
277.221
266.596
257.932
286.965
275.668
275.57
268.214
275.127
274.716
271.677
268.631
255.115
255.526
255.831
255.42
255.977
255.547
256.617
268.506
270.832
277.7
279.444
280.152
287.293
281.777
282.638
256.211
269.803
270
266.514
267.275
261.688
250.979
241.898
234.949
239.933
239.738
227.236
230.717
228.306
233.871
234.38
229.665
226.93
232.278
226.93
220.491
216.742
205.232
204.701
222.673
232.11
234.041
232.47
232.668
241.388
231.855
238.12
236.467
225.421
215.31
210.32
209.856
202.871
186.122
196.138
201.491
202.352
202.488
212.721
214.105
213.968
220.424
210.191
211.128
211.323
210.893
203.062
208.363
206.74
224.678
228.107
235.006
232.971
231.083
234.831
233.371
227.492
218.548
215.831
213.812
211.076
217.201
225.602
241.414
241.57
233.169
271.193
274.818
272.394
269.801
256.84
255.686
271.622
268.193
263.945
275.437
268.574
267.941
275.067
269.448
269.371
268.988
269.598
269.82
271.137
287.022
294.761
294.5
288.817
281.518
282.323
284.609
284.873
289.007
288.283
287.754
288.805
293.387
290.872
291.688
290.388
284.208
273.76
272.709
277.429
277.017
274.349
278.691
279.919
273.772
268.844
267.038
266.677
255.513
253.906
252.788
259.324
264.663
264.842
265.96
269.8
260.777
265.705
259.266
259.503
259.293
262.141
261.071
248.553
259.266
259.428
273.274
267.063
264.525
254.558
255.495
251.304
247.791
241.948
252.016
251.92
252.367
249.343
249.438
236.699
236.589
233.802
234.665
235.645
241.572
249.403
245.778
250.17
259.077
258.046
266.917
266.981
266.917
269.463
275.366
276.113
279.927
284.466
283.527
285.212
285.642
276.954
274.77
275.057
260.114
268.054
270.256
273.387
272.911
267.908
268.551
264.28
263.996
262.689
266.659
263.821
265.283
265.091
270.32
270.931
272.056
274.832
283.169
283.385
285.649
283.385
285.835
287.5
283.252
295.288
291.51
308.005
308.196
308.718
312.302
303.089
296.884
296.25
292.386
279.859
281.421
273.338
279.769
280.308
279.783
286.232
286.86
290.8
286.87
274.574
275.718
275.431
276.819
270.096
271.218
274.325
280.958
280.665
281.054
280.194
275.443
274.99
275.443
274.573
275.443
278.734
286.32
282.835
283.119
270.618
273.866
270.665
274.095
275.575
263.445
263.244
259.377
250.845
251.487
253.031
245.822
244.078
243.204
250.395
256.232
264.358
258.175
258.57
249.133
247.044
243.016
244.299
244.179
240.452
230.864
232.311
232.445
232.113
248.777
234.728
233.658
235.248
217.731
227.9
227.47
218.315
211.876
211.823
205.29
199.912
201.033
200.835
201.631
210.82
210.025
209.086
211.475
206.067
197.949
209.604
224.997
209.604
207.048
200.319
202.037
205.499
204.903
204.785
206.247
212.792
213.349
213.343
213.145
203.084
211.333
203.084
203.077
191.069
195.224
196.146
196.17
201.406
199.945
199.072
195.905
211.904
206.979
205.235
199.925
209.362
218.003
218.566
213.001
207.764
216.533
216.834
211.648
212.145
211.288
208.618
198.042
204.679
197.587
200.316
195.836
202.375
220.399
219.792
201.767
203.162
184.759
184.559
190.742
190.856
191.795
193.811
195.189
192.92
191.786
192.787
191.044
190.205
189.174
194.613
196.553
223.509
220.677
193.72
194.329
193.722
192.519
185.679
184.678
188.107
189.144
183.114
183.289
179.86
176.278
176.499
179.297
180.535
179.831
180.216
179.685
179.849
178.611
175.813
177.016
175.813
176.278
179.152
175.569
178.694
175.569
181.375
181.559
188.544
182.738
188.641
193.222
189.796
190.44
213.904
211.165
211.515
211.197
211.396
211.355
209.693
200.312
199.63
208.633
212.524
208.633
213.381
217.195
216.99
212.125
215.638
219.529
210.28
206.389
202.806
206.389
207.541
203.958
209.415
208.263
204.75
208.263
212.959
214.456
220.067
209.834
209.807
201.698
205.618
198.719
198.746
205.389
205.336
208.089
201.104
183.117
186.154
182.998
189.983
182.998
180.364
171.395
174.214
187.789
196.821
190.824
210.079
218.888
228.135
218.43
218.582
208.978
212.152
206.122
205.057
206.122
200.696
200.068
202.615
212.631
217.664
219.102
220.429
217.597
219.104
238.713
227.923
221.529
220.326
221.187
218.142
212.366
214.356
213.781
210.557
199.851
203.015
205.48
205.677
206.715
198.884
188.064
196.753
191.831
194.081
191.831
193.51
194.978
194.954
197.401
195.939
191.459
195.24
198.088
202.569
206.075
203.589
193.62
183.897
183.985
180.478
194.304
193.676
190.211
176.385
172.802
172.01
175.436
174.041
176.488
174.041
176.488
173.062
177.542
178.745
179.86
185.662
209.615
216.6
216.816
216.549
218.074
218.341
218.178
218.607
219.148
228.53
223.53
223.599
209.522
200.141
203.705
196.72
196.231
196.769
196.02
199.796
193.896
195.403
203.422
204.922
203.422
204.358
202.273
201.515
202.273
204.358
200.018
197.27
197.137
190.982
190.045
191.44
192.952
193.56
192.099
192.095
192.532
192.095
190.232
196.332
198.718
192.265
191.727
191.908
190.513
191.07
191.717
193.178
190.168
190.13
192.942
193.878
192.417
191.782
192.018
199.218
200.429
202.994
204.501
205.896
206.591
203.98
210.675
208.228
201.591
200.655
202.06
201.858
200.453
200.655
206.538
206.282
205.794
206.946
207.248
207.032
203.924
204.14
203.873
202.721
201.718
197.238
198.174
199.177
202.52
203.022
197.217
190.017
188.907
190.897
191.146
190.21
188.153
189.452
185.671
186.607
189.009
189.53
187.965
192.972
191.195
191.147
192.021
194.856
192.401
190.568
189.631
186.633
186.472
198.974
198.775
199.712
200.403
199.712
204.408
203.256
202.921
201.961
203.113
198.417
200.819
200.569
205.544
206.236
205.3
204.608
202.206
202.898
205.3
206.236
193.735
200.562
199.626
200.562
194.997
195.044
196.439
194.023
192.628
191.692
197.257
204.462
204.839
202.386
202.735
202.386
208.403
208.753
208.887
207.559
207.471
208.078
207.719
202.686
197.343
195.286
195.62
197.015
197.973
196.578
196.243
190.678
187.478
188.417
189.354
194.329
194.387
194.598
194.511
195.548
195.811
194.874
195.072
196.735
195.072
194.033
197.105
196.582
198.226
200.752
198.226
197.265
197.872
191.656
191.028
196.241
191.028
190.155
188.59
186.224
188.01
188.575
187.987
189.382
187.987
187.676
187.478
187.812
186.939
189.394
189.858
187.403
188.798
188.464
188.798
189.405
188.798
188.334
186.939
187.875
187.569
187.235
188.63
187.757
187.567
187.314
187.567
186.172
186.636
186.172
190.122
189.691
190.115
187.269
186.281
187.269
186.281
185.345
185.393
187.256
188.651
187.256
188.718
192.282
188.718
188.519
189.459
190.452
191.848
190.386
189.393
188.962
190.424
188.984
188.249
188.201
186.74
185.345
186.806
188.201
189.381
187.986
188.922
189.103
187.642
187.461
186.281
186.329
186.281
187.269
188.507
187.269
186.281
185.345
189.826
191.287
192.466
192.647
191.335
186.854
186.806
186.854
187.589
186.854
185.393
186.329
188.576
187.639
189.85
191.245
189.85
191.997
192.181
189.666
188.428
187.256
188.192
187.994
188.192
189.587
189.389
189.587
189.338
187.943
186.281
186.329
186.281
187.461
186.524
186.705
187.642
187.994
188.192
187.256
187.058
188.453
189.389
188.453
189.393
188.962
187.522
188.459
187.724
187.676
186.74
186.788
187.724
186.788
188.1
188.835
187.44
187.997
188.004
187.997
187.058
188.654
187.058
187.994
188.192
187.994
187.642
187.461
187.642
186.705
185.393
185.345
186.806
185.345
185.393
186.127
186.333
186.127
187.064
187.269
187.064
187.269
188.731
188.525
187.79
186.854
185.393
187.256
187.567
187.571
186.333
185.345
185.393
186.329
186.281
186.329
186.281
187.269
186.333
185.345
185.393
185.345
185.393
185.345
185.393
185.345
187.006
186.808
186.524
186.705
186.524
186.705
187.058
186.808
187.006
187.256
187.567
186.127
186.333
185.345
185.393
186.329
186.281
185.345
185.393
185.345
185.393
185.345
185.393
186.329
186.281
185.345
185.393
185.345
185.393
185.345
185.393
185.345
186.806
186.854
186.806
185.345
185.393
185.345
185.393
185.345
185.393
185.345
185.393
185.345
185.393
185.345
185.393
185.345
185.393
185.345
185.393
185.345
185.393
185.345
185.393
185.345
185.393
185.345
185.393
185.345
185.393
185.345
185.393
185.345
185.393
185.345
185.393
185.345
185.393
185.345
185.393
185.345
185.393
185.345
185.393
185.345
185.393
185.345
185.393
185.345
185.393
185.345
185.393
185.345
185.393
185.345
185.393
185.345
185.393
185.345
185.393
185.345
